1419.403       211.969334995  196.252133333  195.4298       194.634377778  193.251844444  191.672666667  190.540888889  190.059543478  190.068        
1419.412375    209.986679347  204.533155556  205.250044444  206.618355556  207.436711111  207.4266       203.705755556  193.417        187.868        
1419.42175     208.004049889  189.355444444  188.182466667  187.271955556  186.094755556  184.8536       184.173577778  183.823        183.967567568  
1419.431125    206.02144662   186.373177778  185.358533333  184.633844444  183.8496       182.926111111  182.288822222  181.937347826  182.089324324  
1419.4405      204.03886954   186.625488889  185.614111111  184.923866667  184.163533333  183.211777778  182.561822222  182.179217391  182.206972973  
1419.449875    202.056318649  190.010422222  189.2642       188.771533333  188.0032       186.887288889  185.665733333  184.027565217  183.414837838  
1419.45925     200.073793946  186.759488889  185.717933333  184.982244444  184.195822222  183.137466667  182.500555556  182.249652174  182.408081081  
1419.468625    198.091295431  186.702577778  185.634488889  184.921866667  184.188844444  183.197644444  182.523622222  182.303826087  182.526594595  
1419.478       196.108823103  187.872533333  186.874288889  186.189466667  185.449377778  184.432688889  183.660022222  183.074782609  183.029864865  
1419.487375    194.126376961  186.953111111  185.845422222  185.095066667  184.357644444  183.4278       182.847888889  182.643673913  182.820783784  
1419.49675     192.143957004  187.280533333  186.2436       185.499844444  184.661555556  183.584133333  182.923622222  182.746717391  182.930162162  
1419.506125    190.161563234  186.997        185.922044444  185.178577778  184.400533333  183.315222222  182.604355556  182.381565217  182.629837838  
1419.5155      188.179195648  187.552911111  186.4696       185.764511111  185.112311111  184.154466667  183.452555556  182.951934783  183.003027027  
1419.524875    186.196854247  188.304777778  187.284844444  186.450533333  185.396822222  184.075533333  183.245222222  183.098673913  183.248405405  
1419.53425     184.214539029  186.8572       185.796688889  185.054977778  184.302022222  183.177822222  182.366711111  182.11176087   182.314594595  
1419.543625    182.232249995  187.1118       186.007533333  185.272422222  184.572688889  183.537311111  182.716844444  182.283282609  182.415216216  
1419.553       180.249987144  188.183777778  187.151577778  186.304044444  185.222333333  183.902244444  183.075377778  182.93676087   183.203027027  
1419.562375    178.267750475  186.794555556  185.670111111  184.960866667  184.250666667  183.142577778  182.411422222  182.145673913  182.290864865  
1419.57175     176.285539988  187.022044444  185.925        185.141133333  184.342155556  183.259        182.558533333  182.283956522  182.52572973   
1419.581125    174.303355682  186.628733333  185.531933333  184.737666667  184.066444444  183.033177778  182.266933333  181.84723913   181.954        
1419.5905      172.321197557  197.915155556  196.742311111  196.467888889  197.132511111  194.429644444  189.101577778  188.340282609  189.884594595  
1419.599875    170.339065612  188.833666667  187.771111111  186.927777778  185.961355556  184.643133333  183.691822222  183.273413043  183.369594595  
1419.60925     168.356959847  187.080311111  185.942733333  185.134555556  184.390022222  183.4048       182.784777778  182.483369565  182.588243243  
1419.618625    166.37488026   186.936644444  185.786288889  184.999266667  184.263088889  183.271955556  182.6622       182.347347826  182.462513514  
1419.628       164.392826853  186.856377778  185.7076       184.870266667  184.105133333  183.0866       182.367266667  182.095456522  182.300648649  
1419.637375    162.410799624  187.044133333  185.851111111  184.996733333  184.253222222  183.303044444  182.684911111  182.425608696  182.662918919  
1419.64675     160.428798573  189.822711111  188.843488889  188.021755556  186.855311111  185.313244444  184.205355556  183.974304348  184.155459459  
1419.656125    158.446823698  186.853866667  185.651022222  184.842088889  184.138111111  183.214133333  182.627844444  182.452956522  182.716648649  
1419.6655      156.464875     187.344777778  186.143288889  185.303511111  184.535977778  183.553666667  182.965466667  182.871456522  183.163027027  
1419.674875    154.482952479  186.933111111  185.679266667  184.836422222  184.131444444  183.164933333  182.604866667  182.385934783  182.577189189  
1419.68425     152.501056133  187.140555556  185.925644444  185.054644444  184.313866667  183.361111111  182.752444444  182.542630435  182.76472973   
1419.693625    150.519185962  188.871844444  187.731577778  186.904355556  186.079222222  185.040555556  184.292266667  183.868065217  183.769459459  
1419.703       148.537341965  187.451311111  186.255444444  185.412533333  184.648044444  183.695777778  183.115622222  182.89426087   183.061378378  
1419.712375    146.555524143  188.8482       187.739688889  186.994511111  186.168911111  184.918422222  183.960911111  183.631152174  183.813648649  
1419.72175     144.573732494  188.656911111  187.503577778  186.589466667  185.646177778  184.516666667  183.805822222  183.740434783  183.913378378  
1419.731125    142.591967018  187.5286       186.329511111  185.459333333  184.6654       183.6808       183.067822222  182.923673913  183.237675676  
1419.7405      140.610227714  191.3734       190.411755556  189.520577778  188.180155556  186.427888889  185.194711111  185.06526087   185.269432432  
1419.749875    138.628514583  187.877133333  186.685911111  185.748577778  184.913777778  183.980044444  183.390311111  183.236152174  183.422405405  
1419.75925     136.646827622  187.620066667  186.366222222  185.435177778  184.610488889  183.635622222  183.057777778  182.932847826  183.170405405  
1419.768625    134.665166833  188.320977778  187.134111111  186.198933333  185.2504       184.145111111  183.450022222  183.352565217  183.671216216  
1419.778       132.683532214  188.406955556  187.244066667  186.2564       185.319844444  184.2952       183.5814       183.263217391  183.378972973  
1419.787375    130.701923765  195.652555556  195.010155556  193.947066667  191.980933333  189.892622222  187.375866667  186.291434783  186.528324324  
1419.79675     128.720341485  187.871933333  186.639511111  185.571555556  184.569088889  183.557266667  182.972244444  182.777347826  183.052        
1419.806125    126.738785375  187.891488889  186.672466667  185.552311111  184.530822222  183.553266667  183.022711111  182.961        183.217405405  
1419.8155      124.757255432  188.167311111  186.945755556  185.781666667  184.663488889  183.763177778  183.322755556  183.252782609  183.539972973  
1419.824875    122.775751657  188.346888889  187.114088889  185.889911111  184.698844444  183.720711111  183.124711111  182.983326087  183.280351351  
1419.83425     120.79427405   191.7464       190.770733333  189.423533333  187.642355556  186.027866667  184.854422222  184.836804348  185.242108108  
1419.843625    118.812822609  189.704311111  188.472977778  187.038311111  185.654        184.713377778  184.113288889  183.969826087  184.134432432  
1419.853       116.831397335  188.617088889  187.507377778  186.278244444  184.848977778  183.714377778  183.110422222  183.013152174  183.364675676  
1419.862375    114.849998226  190.135888889  189.093088889  187.848577778  186.196444444  184.655044444  183.948822222  183.848521739  184.119783784  
1419.87175     112.868625283  192.133066667  191.0612       189.724266667  188.0726       186.854777778  186.304222222  186.126        186.118972973  
1419.881125    110.887278504  193.959088889  193.041111111  191.901266667  190.232622222  188.855866667  187.942333333  187.81676087   188.210162162  
1419.8905      108.905957889  192.261488889  191.096355556  189.7546       188.058311111  186.695311111  186.031444444  186.01873913   186.365540541  
1419.899875    106.924663438  189.989377778  188.934444444  187.711688889  185.823266667  184.298        183.865377778  183.934152174  184.258864865  
1419.90925     104.94339515   192.624133333  191.770733333  190.568111111  188.1956       186.004466667  185.009066667  185.039        185.454837838  
1419.918625    102.962153025  191.1334       190.169577778  189.053177778  186.839044444  184.725244444  184.098777778  184.035891304  184.346783784  
1419.928       100.980937062  191.264244444  190.369288889  189.307955556  186.866488889  184.536066667  183.879222222  183.723869565  183.871810811  
1419.937375    98.9997472599  192.975711111  191.979511111  190.762155556  188.228488889  185.957977778  185.502044444  185.417586957  185.607972973  
1419.94675     97.0185836194  191.101711111  190.300688889  189.289288889  186.569777778  183.9374       183.390111111  183.395043478  183.598648649  
1419.956125    95.0374461394  192.872311111  192.154844444  191.128177778  188.145866667  185.065666667  184.227555556  184.270717391  184.619081081  
1419.9655      93.0563348194  192.071022222  191.262844444  190.222888889  187.205955556  184.228622222  183.645777778  183.630652174  183.857135135  
1419.974875    91.0752496589  194.069955556  193.343933333  192.361933333  189.256955556  186.022022222  185.1588       185.221478261  185.436027027  
1419.98425     89.0941906574  197.827        197.162844444  196.099755556  192.685555556  189.3236       188.576111111  188.668869565  188.896837838  
1419.993625    87.1131578143  194.321511111  193.569466667  192.471444444  189.189088889  185.845311111  184.929777778  184.904217391  185.268567568  
1420.003       85.1321511292  225.745155556  224.997866667  224.575555556  222.114866667  218.339511111  215.456244444  219.574021739  226.853459459  
1420.012375    83.1511706016  194.405511111  193.741866667  192.826733333  189.607066667  185.921866667  184.812955556  184.790108696  185.157810811  
1420.02175     81.1702162308  193.724444444  193.07         192.065777778  188.751688889  184.943955556  183.672666667  183.632130435  184.027621622  
1420.031125    79.1892880165  196.956022222  196.519133333  195.494355556  191.770577778  187.289044444  185.233777778  185.258956522  185.815297297  
1420.0405      77.208385958   197.909777778  197.169066667  196.003288889  192.855888889  189.0088       187.405777778  187.335478261  187.402675676  
1420.049875    75.2275100549  195.007066667  194.441755556  193.436133333  190.087266667  185.778088889  183.976622222  183.913521739  184.137864865  
1420.05925     73.2466603066  195.711666667  195.176533333  194.200533333  190.900155556  186.3628       184.291222222  184.168717391  184.56572973   
1420.068625    71.2658367126  197.663911111  197.1166       195.982466667  192.618755556  188.026355556  185.652        185.487630435  185.827864865  
1420.078       69.2850392725  197.197977778  196.771488889  195.741511111  192.355311111  187.523777778  184.851688889  184.575391304  184.76272973   
1420.087375    67.3042679856  198.836511111  198.251266667  197.0862       193.743977778  188.8316       185.878933333  185.567956522  185.915027027  
1420.09675     65.3235228515  199.685311111  199.242533333  198.131111111  194.5858       189.361133333  185.872266667  185.206913043  185.50772973   
1420.106125    63.3428038696  199.039044444  198.770644444  197.705333333  194.428533333  189.221711111  185.473377778  184.81426087   185.038351351  
1420.1155      61.3621110395  199.233177778  198.875466667  197.710644444  194.583666667  189.432733333  185.4358       184.689347826  184.966351351  
1420.124875    59.3814443606  202.366488889  202.224244444  201.012577778  197.650444444  191.914533333  186.952666667  186.011826087  186.450081081  
1420.13425     57.4008038324  200.947622222  200.646111111  199.347066667  196.274333333  190.930133333  185.846133333  184.444152174  184.683081081  
1420.143625    55.4201894544  201.882111111  201.658333333  200.433933333  197.669266667  192.437133333  186.870044444  184.866543478  185.028594595  
1420.153       53.439601226   203.2408       203.037022222  201.7254       198.895377778  193.511088889  187.197288889  184.760086957  185.16772973   
1420.162375    51.4590391468  203.908533333  203.660644444  202.284244444  199.627311111  194.282933333  187.312555556  184.174847826  184.50372973   
1420.17175     49.4785032162  207.965155556  207.893577778  206.393822222  203.435444444  197.726555556  189.6902       185.933891304  186.339594595  
1420.181125    47.4979934337  206.450022222  206.214977778  204.800955556  202.312111111  197.300266667  189.397911111  184.706521739  184.706972973  
1420.1905      45.5175097988  207.588466667  207.217866667  205.639266667  203.016244444  197.818422222  189.481022222  184.512478261  184.826621622  
1420.199875    43.537052311   208.172511111  207.707355556  206.032844444  203.259555556  198.216066667  189.950111111  184.623282609  184.935945946  
1420.20925     41.5566209697  215.254777778  215.382155556  214.444866667  212.402133333  208.1234       199.288222222  190.382826087  188.499108108  
1420.218625    39.5762157745  211.972466667  211.283777778  209.2624       205.975288889  200.617466667  191.758844444  185.437369565  185.495864865  
1420.228       37.5958367248  212.629733333  211.570088889  209.182022222  205.566577778  200.320311111  191.6858       185.093978261  184.997216216  
1420.237375    35.6154838201  211.597333333  210.310622222  207.896022222  204.810933333  200.1708       191.664488889  184.740043478  184.457162162  
1420.24675     33.6351570598  224.9398       224.711888889  223.552688889  221.931844444  218.518577778  209.054022222  196.505934783  192.268810811  
1420.256125    31.6548564435  216.277266667  214.542088889  211.572444444  207.5716       201.6958       192.611533333  185.647565217  185.041783784  
1420.2655      29.6745819707  215.945555556  213.756955556  210.563866667  207.428977778  202.337622222  193.1896       186.133173913  185.219945946  
1420.274875    27.6943336408  218.544844444  216.1544       212.887177778  210.015177778  205.102666667  196.074488889  188.339934783  186.475189189  
1420.28425     25.7141114534  218.0348       215.132044444  211.351511111  208.086444444  202.598        193.667155556  186.731978261  184.864216216  
1420.293625    23.7339154078  220.907488889  217.753044444  213.686911111  209.879511111  203.9364       195.415377778  188.575086957  185.914594595  
1420.303       21.7537455035  220.171177778  216.391066667  212.113466667  208.192066667  202.132911111  194.134177778  187.863847826  184.936513514  
1420.312375    19.7736017402  224.185155556  220.016444444  215.399444444  210.952866667  204.449488889  196.219111111  189.472217391  185.886054054  
1420.32175     17.7934841172  224.643111111  219.768933333  214.995511111  210.3336       203.827777778  196.447088889  189.998673913  186.02572973   
1420.331125    15.813392634   224.408466667  219.103244444  214.229777778  209.635288889  203.6014       197.037266667  190.177804348  185.377702703  
1420.3405      13.8333272902  225.458822222  220.570044444  215.763044444  211.234955556  205.528555556  199.243088889  191.788826087  186.324027027  
1420.349875    11.853288085   223.872844444  219.542577778  215.368288889  211.226488889  206.050888889  200.224733333  192.179413043  186.02227027   
1420.35925     9.87327501823  224.520333333  219.923222222  216.586422222  212.744266667  207.9082       202.229733333  193.427021739  186.552162162  
1420.368625    7.89328808916  226.591577778  221.722911111  218.530844444  214.678        209.917177778  204.066155556  194.811282609  187.634756757  
1420.378       5.91332729737  226.9292       221.938422222  218.411622222  214.821088889  210.359666667  204.763022222  195.558847826  188.240216216  
1420.387375    3.93339264222  227.740466667  223.315577778  219.812622222  216.123622222  211.572955556  205.940133333  197.051847826  189.770189189  
1420.39675     1.9534841233   227.023133333  223.510333333  220.445355556  216.916555556  212.727244444  207.469288889  199.087282609  191.492702703  
1420.406125    -0.0263982598682226.316333333  223.542377778  220.806955556  217.656066667  214.183777778  209.619977778  201.802413043  193.882        
1420.4155      -2.00625450797 228.049777778  226.0168       223.937977778  221.190955556  217.7808       213.304777778  206.210869565  198.268081081  
1420.424875    -3.98608462137 228.813955556  227.3016       226.324        224.773444444  221.657488889  217.523133333  210.676130435  202.220432432  
1420.43425     -5.96588860067 232.4072       231.479511111  231.517511111  231.0606       228.533977778  224.6852       217.78923913   209.025783784  
1420.443625    -7.94566644634 234.191733333  233.743711111  234.478155556  235.438577778  234.880711111  232.690688889  226.633717391  217.659135135  
1420.453       -9.92541815888 235.095533333  234.8088       235.843888889  238.351911111  240.620555556  240.762688889  236.775391304  228.529648649  
1420.462375    -11.9051437389 233.567111111  233.503377778  234.695177778  237.827        241.714044444  244.290533333  243.417478261  237.102702703  
1420.47175     -13.8848431868 229.807044444  229.904444444  231.121355556  234.466777778  239.387933333  244.355555556  247.124934783  242.910837838  
1420.481125    -15.8645165032 229.270822222  229.685733333  230.982777778  234.214244444  239.408822222  245.974044444  251.893913043  250.303513514  
1420.4905      -17.8441636886 228.051822222  228.783822222  230.114822222  233.116111111  238.347177778  246.007933333  254.149608696  254.888108108  
1420.499875    -19.8237847434 226.214888889  227.173777778  228.667555556  231.503666667  236.662288889  244.8438       254.230021739  257.241324324  
1420.50925     -21.8033796683 225.8742       227.144888889  228.613022222  230.911822222  235.302666667  242.898088889  252.945021739  257.926945946  
1420.518625    -23.7829484637 222.170133333  223.467555556  224.929777778  226.872377778  230.857755556  238.260555556  247.867586957  253.608054054  
1420.528       -25.7624911301 218.220111111  219.380111111  220.581511111  222.0494       225.444688889  232.177866667  240.90526087   247.076        
1420.537375    -27.7420076681 214.927666667  215.989022222  217.042688889  218.010755556  220.632933333  226.3932       234.040108696  239.898621622  
1420.54675     -29.7214980781 212.522377778  213.457066667  214.387044444  214.989866667  216.951488889  221.784377778  228.274521739  233.434783784  
1420.556125    -31.7009623608 211.459088889  212.370066667  213.197022222  213.388911111  214.6442       218.445844444  223.960630435  228.515540541  
1420.5655      -33.6804005166 207.725133333  208.425622222  209.144777778  209.236266667  210.154911111  213.421822222  218.154326087  222.106621622  
1420.574875    -35.659812546  206.203577778  206.835555556  207.525044444  207.428733333  207.846022222  210.377355556  214.472847826  217.753        
1420.58425     -37.6391984496 204.703622222  205.257577778  205.931311111  205.740844444  205.561844444  207.440644444  211.142934783  214.055864865  
1420.593625    -39.6185582277 203.375177778  203.769        204.577933333  204.423222222  203.769977778  205.092022222  208.5775       211.410486486  
1420.603       -41.5978918812 204.027288889  204.485955556  205.339355556  205.054111111  203.688955556  203.922866667  207.256521739  210.288513514  
1420.612375    -43.5771994102 202.432155556  202.7806       203.786577778  203.752622222  202.389777778  202.411666667  205.369108696  208.236621622  
1420.62175     -45.5564808156 201.826733333  202.100688889  203.124422222  203.225666667  201.865911111  201.603866667  204.432086957  207.220027027  
1420.631125    -47.5357360976 201.6156       201.903088889  202.960977778  203.231955556  202.024377778  201.692488889  204.411        207.352972973  
1420.6405      -49.5149652569 200.773488889  200.961244444  202.041511111  202.313044444  200.962022222  200.257044444  202.67173913   205.703810811  
1420.649875    -51.494168294  200.4564       200.560622222  201.556        201.881622222  200.656755556  199.740933333  201.756369565  204.768783784  
1420.65925     -53.4733452093 198.6348       198.623822222  199.549955556  200.016977778  199.032733333  198.138733333  199.975347826  203.142108108  
1420.668625    -55.4524960035 198.359133333  198.318244444  199.214888889  199.787222222  199.008111111  197.967266667  199.536565217  202.983675676  
1420.678       -57.4316206769 199.248266667  199.290577778  200.187088889  200.870866667  200.149377778  198.798933333  200.206521739  204.075675676  
1420.687375    -59.4107192302 198.129044444  198.0798       198.987222222  199.917733333  199.660288889  198.572711111  199.749021739  203.619216216  
1420.69675     -61.3897916639 200.309355556  200.3786       201.376355556  202.494711111  202.415977778  201.168911111  202.192434783  206.021702703  
1420.706125    -63.3688379784 198.889111111  198.991422222  199.975422222  201.242955556  201.384511111  200.319377778  201.37573913   205.488972973  
1420.7155      -65.3478581743 199.036555556  199.165511111  200.231288889  201.647977778  202.0352       201.085022222  201.927152174  205.891        
1420.724875    -67.3268522521 199.862888889  200.060933333  201.088644444  202.525533333  203.1048       202.1996       202.880478261  206.438108108  
1420.73425     -69.3058202123 199.423577778  199.655        200.793111111  202.237644444  202.795977778  202.082377778  202.627913043  205.677702703  
1420.743625    -71.2847620555 199.171        199.362755556  200.438644444  201.938377778  202.897533333  202.603955556  203.005065217  205.141135135  
1420.753       -73.2636777821 199.813644444  200.018844444  200.9596       202.185577778  203.041555556  202.984244444  203.192282609  204.653891892  
1420.762375    -75.2425673928 197.899622222  197.993422222  198.895        200.114333333  201.307977778  201.856644444  202.150673913  202.814945946  
1420.77175     -77.2214308879 197.306711111  197.323711111  198.117555556  199.312666667  200.604422222  201.586422222  201.790086957  201.699297297  
1420.781125    -79.2002682679 196.925244444  196.928066667  197.726466667  198.952466667  200.404044444  201.862466667  202.129782609  201.596108108  
1420.7905      -81.1790795336 196.642244444  196.671955556  197.426733333  198.592066667  200.108466667  201.828355556  202.390391304  201.398216216  
1420.799875    -83.1578646852 198.455        198.570955556  199.301711111  200.278044444  201.575466667  203.093288889  203.923673913  202.791945946  
1420.80925     -85.1366237234 196.8996       196.970977778  197.698377778  198.8654       200.606755556  202.880511111  203.994347826  202.792513514  
1420.818625    -87.1153566488 197.065288889  197.154222222  197.9608       199.089111111  200.527377778  202.793955556  204.633565217  203.851810811  
1420.828       -89.0940634616 196.232333333  196.312955556  197.110955556  198.303377778  200.014822222  202.7828       205.196434783  204.733054054  
1420.837375    -91.0727441626 196.251111111  196.273688889  197.0408       198.205844444  199.902355556  202.745622222  205.49726087   205.483351351  
1420.84675     -93.0513987522 212.408266667  212.540711111  213.317911111  214.469866667  216.111688889  219.1504       222.134543478  222.595405405  
1420.856125    -95.030027231  196.363088889  196.3428       196.996222222  198.032222222  199.615844444  202.386688889  205.683782609  206.772459459  
1420.8655      -97.0086295994 197.425333333  197.453955556  198.016133333  198.803244444  199.803777778  201.521711111  204.740217391  206.584378378  
1420.874875    -98.987205858  194.321844444  194.085422222  194.377066667  194.943466667  195.944844444  198.259933333  201.38676087   203.412594595  
1420.88425     -100.965756007 192.620133333  192.297644444  192.616711111  193.142955556  194.046288889  196.127266667  199.078978261  201.236540541  
1420.893625    -102.944280048 196.101488889  195.9448       196.137177778  196.244777778  196.301311111  197.098466667  199.831630435  202.339432432  
1420.903       -104.92277798  191.1858       190.702288889  190.771777778  191.0182       191.5396       193.064333333  195.61923913   198.139540541  
1420.912375    -106.901249804 191.111955556  190.559355556  190.544911111  190.557066667  190.6392       191.760511111  194.078021739  196.677108108  
1420.92175     -108.879695522 191.884222222  191.350266667  191.2316       191.1642       191.122822222  191.789111111  194.229521739  196.973810811  
1420.931125    -110.858115132 189.880044444  189.161066667  188.9558       188.886355556  189.020044444  190.010933333  192.179608696  194.648756757  
1420.9405      -112.836508636 189.842977778  189.174777778  188.962533333  188.718733333  188.542177778  189.160466667  191.036913043  193.391891892  
1420.949875    -114.814876035 188.592333333  187.807777778  187.502844444  187.305977778  187.274866667  188.034244444  189.846456522  192.108108108  
1420.95925     -116.793217328 188.147511111  187.332        187.021266667  186.776222222  186.700622222  187.268222222  188.940869565  191.119594595  
1420.968625    -118.771532517 188.019022222  187.180577778  186.792711111  186.488222222  186.391066667  186.931466667  188.575065217  190.727621622  
1420.978       -120.749821602 188.623422222  187.7836       187.375355556  187.084155556  186.877244444  187.339244444  188.896326087  190.765567568  
1420.987375    -122.728084583 189.862777778  189.105644444  188.697511111  188.1682       187.561311111  187.415533333  188.831956522  190.703297297  
1420.99675     -124.706321461 188.899266667  188.016133333  187.6144       187.158244444  186.653377778  186.8316       188.099586957  189.736351351  
1421.006125    -126.684532236 187.209533333  186.297688889  185.843        185.415888889  184.974866667  185.112466667  186.336130435  188.019432432  
1421.0155      -128.662716909 187.355622222  186.395111111  185.867466667  185.2786       184.701422222  184.781111111  185.91276087   187.550972973  
1421.024875    -130.640875481 190.790355556  189.860311111  189.260355556  188.520288889  187.770711111  187.741955556  188.660869565  189.754675676  
1421.03425     -132.619007951 191.953822222  190.908133333  190.471111111  190.063333333  189.616844444  189.469511111  190.575478261  192.170459459  
1421.043625    -134.597114322 187.526711111  186.594244444  186.138155556  185.748355556  185.361933333  185.187666667  185.884565217  187.269594595  
1421.053       -136.575194592 186.313377778  185.265555556  184.657133333  184.013333333  183.400555556  183.295044444  184.173413043  185.375621622  
1421.062375    -138.553248762 186.693066667  185.701066667  185.0952       184.416644444  183.628866667  183.344911111  184.337        185.626135135  
1421.07175     -140.531276834 188.265422222  187.4842       187.116311111  186.711644444  186.158266667  185.487911111  185.065826087  185.482945946  
1421.081125    -142.509278807 189.395422222  188.517333333  187.924044444  187.157533333  185.970933333  184.798022222  185.548326087  186.833594595  
1421.0905      -144.487254682 190.331622222  189.508266667  188.858622222  187.758        186.098888889  184.683311111  185.412565217  186.874513514  
1421.099875    -146.46520446  186.032177778  184.9612       184.302311111  183.6164       182.936844444  182.756333333  183.40176087   184.36         
1421.10925     -148.443128141 190.2088       189.461        188.533666667  187.266844444  186.125488889  184.680777778  184.356913043  185.020378378  
1421.118625    -150.421025725 191.087266667  190.411266667  189.259888889  187.4446       186.113466667  184.510644444  183.967630435  184.618540541  
1421.128       -152.398897214 186.403977778  185.317111111  184.6164       183.825622222  182.978222222  182.566777778  183.061608696  183.887756757  
1421.137375    -154.376742607 186.029555556  184.922888889  184.220377778  183.367844444  182.549155556  182.267266667  182.681673913  183.485810811  
1421.14675     -156.354561906 186.0272       184.961666667  184.299733333  183.529577778  182.671577778  182.290155556  182.842695652  183.685621622  
1421.156125    -158.33235511  185.395666667  184.312844444  183.613022222  182.900311111  182.123711111  181.823866667  182.464869565  183.252837838  
1421.1655      -160.31012222  185.123111111  184.011755556  183.301133333  182.598733333  181.867688889  181.608977778  182.195934783  183.003324324  
1421.174875    -162.287863237 185.1574       184.064444444  183.394111111  182.699066667  181.990688889  181.689844444  182.218173913  182.968243243  
1421.18425     -164.265578161 187.771577778  186.829688889  186.182022222  185.280555556  183.950444444  182.884755556  183.590369565  184.655081081  
1421.193625    -166.243266993 186.977133333  186.021222222  185.493822222  185.030688889  184.514977778  183.908333333  184.478934783  185.580594595  
1421.203       -168.220929733 184.961466667  183.819133333  183.106511111  182.417888889  181.627088889  181.251244444  181.914304348  182.84527027   
1421.212375    -170.198566382 185.247133333  184.156466667  183.466933333  182.753733333  182.075422222  181.808444444  182.336891304  183.21627027   
1421.22175     -172.176176941 184.6136       183.501511111  182.809466667  182.027022222  181.2806       180.952422222  181.444043478  182.27927027   
1421.231125    -174.153761409 188.261466667  187.306866667  186.687266667  185.752911111  184.380666667  183.365555556  183.731978261  184.459459459  
1421.2405      -176.131319787 185.1006       184.030088889  183.363577778  182.522288889  181.463466667  180.989711111  181.514869565  182.332783784  
1421.249875    -178.108852076 185.293533333  184.242688889  183.513533333  182.7414       181.863022222  181.358288889  182.00473913   182.891567568  
1421.25925     -180.086358277 184.107466667  183.036755556  182.318688889  181.565577778  180.8226       180.590111111  181.21073913   182.040027027  
1421.268625    -182.063838389 184.882266667  183.794777778  183.031311111  182.213244444  181.379733333  181.077355556  181.643826087  182.460351351  
1421.278       -184.041292414 189.161666667  188.3532       187.620666667  186.673888889  185.108488889  183.302511111  184.086695652  185.611567568  
1421.287375    -186.018720352 184.410666667  183.265111111  182.55         181.8022       181.057466667  180.838266667  181.433195652  182.223        
1421.29675     -187.996122203 185.249933333  184.183266667  183.510177778  182.737711111  181.846088889  181.323488889  181.817347826  182.666189189  
1421.306125    -189.973497968 186.397422222  185.354755556  184.579177778  183.748377778  182.799266667  182.121711111  182.426326087  183.274324324  
1421.3155      -191.950847648 185.290755556  184.1238       183.392511111  182.659844444  181.915955556  181.616622222  182.188065217  182.981486486  
1421.324875    -193.928171242 190.121266667  189.248844444  188.531511111  187.5074       185.948555556  184.357688889  184.969608696  186.111        
1421.33425     -195.905468752 185.800488889  184.730511111  184.065711111  183.248955556  182.180888889  181.7052       182.193913043  182.973351351  
1421.343625    -197.882740178 185.180577778  184.074933333  183.362133333  182.628822222  181.891377778  181.563        182.080652174  182.942837838  
1421.353       -199.859985521 185.611066667  184.518088889  183.776822222  182.9144       182.0296       181.575911111  182.125369565  182.919135135  
1421.362375    -201.83720478  184.965711111  183.827111111  183.073755556  182.296088889  181.493066667  181.256044444  181.781695652  182.548513514  
1421.37175     -203.814397958 187.702733333  186.7202       185.935355556  185.072866667  183.876022222  182.773488889  183.391630435  184.507162162  
1421.381125    -205.791565053 184.790755556  183.652844444  182.872333333  182.073555556  181.363488889  181.146755556  181.738173913  182.609513514  
1421.3905      -207.768706066 186.299333333  185.218866667  184.508022222  183.674622222  182.474        181.774111111  182.211891304  183.093162162  
1421.399875    -209.745820999 185.398822222  184.270066667  183.489088889  182.713644444  181.911        181.505644444  181.967543478  182.698378378  
